header:
  seq: 999
  stamp:
    secs: 1435607489
    nsecs: 924811809
  frame_id: base_link
status:
  status: 0
  service: 1
latitude: 22.2999154035483
longitude: 114.177707462258
altitude: -30.551
position_covariance: [3.9561210000000004, 0.0, 0.0, 0.0, 3.9561210000000004, 0.0, 0.0, 0.0, 7.650756]
position_covariance_type: 2
